0.52    0.73 1.00 0.57    319685    208555    366161
0.05    0.88 0.00 0.00   2175554   1629189   3527589
0.67    0.91 0.99 0.98     86716     78127     78215
0.62    0.92 0.83 0.64     88074     63809     79912
0.41    0.95 0.92 0.32    269224    204527    553917
0.12    0.97 0.96 0.10    530990    255271   2484107
0.12    0.97 0.96 0.10    530990    255271   2484107
1.49    0.99 0.91 0.42     17687     10204     21273
0.43    1.00 0.51 0.02      8933      8654    185353
1.17    1.00 0.95 0.14      3518      3497     23300
1.39    1.00 0.98 0.15      2236      2235     14242
1.66    1.00 0.98 0.15      1646      1646     10630