0.52    0.73 1.00 0.57    320314    209184    365795
0.05    0.88 0.00 0.00   2175609   1629222   3527598
0.67    0.91 0.98 0.99     87100     78511     77831
0.63    0.93 0.81 0.70    103305     72146     74888
0.41    0.94 0.92 0.31    277086    200725    556822
0.12    0.97 0.95 0.10    693192    265948   2483453
0.12    0.97 0.95 0.10    693192    265948   2483453
1.48    0.99 0.91 0.47     19085     11283     20997
1.65    0.99 0.99 0.16      1697      1697     10624
0.43    1.00 0.45 0.03     14031     13750    185305
1.39    1.00 0.98 0.16      2290      2289     14241
1.18    1.00 0.93 0.15      3834      3802     23193