0.52    0.73 1.00 0.57    350891    209322    366116
0.05    0.85 0.00 0.00   2948558   2111909   3527552
0.59    0.87 0.63 0.86    177849    111789     73088
0.67    0.91 0.99 0.99     87034     78414     78215
0.11    0.93 0.96 0.17   1796504    446641   2485897
0.11    0.93 0.96 0.17   1796504    446641   2485897
0.41    0.95 0.90 0.48    521351    316053    548717
1.46    0.97 0.90 0.76     53825     18503     20442
0.43    0.99 0.43 0.09     41048     38485    182183
1.39    1.00 0.98 0.16      2298      2297     14240
1.66    1.00 0.96 0.16      1802      1800     10553
1.18    1.00 0.88 0.20      5545      5365     22039