0.52    0.73 1.00 0.57    320018    208888    365976
0.05    0.88 0.00 0.00   2175608   1629222   3527598
0.67    0.91 0.99 0.99     86844     78255     78087
0.63    0.92 0.82 0.67     93553     67273     77929
0.41    0.95 0.92 0.32    275113    204262    554546
0.12    0.97 0.96 0.10    582720    258806   2482323
0.12    0.97 0.96 0.10    582720    258806   2482323
1.48    0.99 0.91 0.45     18513     10814     21061
1.65    0.99 0.98 0.16      1690      1690     10631
0.43    1.00 0.48 0.03     11374     11104    185009
1.39    1.00 0.98 0.16      2289      2288     14242
1.18    1.00 0.94 0.15      3680      3655     23254