0.52    0.73 1.00 0.57    208532    208528    365911
0.05    0.89 0.00 0.00   1547691   1541919   3528293
0.70    0.94 0.99 0.87     69196     69196     78315
0.64    0.95 0.86 0.61     59197     57940     73709
0.42    0.99 0.91 0.18    131956    114724    573302
1.49    0.99 0.93 0.41      9747      9533     21225
1.65    0.99 0.99 0.16      1677      1677     10640
0.12    1.00 0.94 0.05    251850    122132   2484004
0.12    1.00 0.94 0.05    251850    122132   2484004
0.43    1.00 0.47 0.01      5911      5889    185957
1.39    1.00 0.98 0.16      2282      2281     14243
1.18    1.00 0.96 0.13      3265      3264     23532