0.52    0.73 1.00 0.57    208119    208115    366175
0.05    0.89 0.00 0.00   1547681   1541909   3528289
0.63    0.93 0.93 0.54     48009     47647     80841
0.70    0.94 0.99 0.87     69203     69203     78295
1.49    0.99 0.93 0.37      8758      8709     21638
0.43    0.99 0.93 0.18    128144    113322    572329
0.12    1.00 0.95 0.04    161446    113042   2485335
0.12    1.00 0.95 0.04    161446    113042   2485335
1.39    1.00 0.98 0.15      2220      2219     14243
1.17    1.00 0.98 0.13      3035      3033     23612
1.66    1.00 0.98 0.15      1612      1612     10642
0.44    1.01 0.51 0.01      3144      3098    186846