0.52    0.73 1.00 0.57    320176    209046    365819
0.05    0.88 0.00 0.00   2175609   1629222   3527598
0.67    0.91 0.98 0.99     87523     78934     77409
0.63    0.94 0.80 0.72    109536     74432     72666
0.40    0.94 0.93 0.31    282477    196938    559913
0.12    0.97 0.95 0.10    867608    272002   2482378
0.12    0.97 0.95 0.10    867608    272002   2482378
1.48    0.99 0.92 0.51     20617     12228     20566
0.43    0.99 0.44 0.04     17360     17047    185587
1.65    0.99 0.99 0.16      1700      1700     10622
1.17    1.00 0.93 0.15      3904      3883     23081
1.39    1.00 0.98 0.16      2291      2290     14241