0.52    0.73 1.00 0.57    208706    208702    365851
0.05    0.89 0.00 0.00   1547691   1541919   3528293
0.70    0.94 0.99 0.87     69201     69201     78295
0.64    0.94 0.89 0.59     55943     55212     76552
0.43    0.99 0.92 0.18    131052    114970    571782
1.49    0.99 0.93 0.40      9497      9333     21291
1.65    0.99 0.99 0.16      1678      1678     10637
0.12    1.00 0.94 0.04    201260    117300   2485114
0.12    1.00 0.94 0.04    201260    117300   2485114
0.43    1.00 0.49 0.01      4752      4715    186158
1.17    1.00 0.97 0.13      3195      3195     23578
1.39    1.00 0.98 0.16      2282      2281     14242