0.52    0.73 1.00 0.57    351512    209943    365644
0.05    0.85 0.00 0.00   2948601   2111976   3527561
0.61    0.90 0.66 0.93    190953    117441     65384
0.67    0.91 0.98 0.99     87840     79220     77409
0.11    0.93 0.96 0.17   2678997    450503   2484225
0.11    0.93 0.96 0.17   2678997    450503   2484225
0.40    0.94 0.91 0.47    566361    307887    554818
0.42    0.96 0.33 0.14     84628     81834    177628
1.47    0.98 0.87 0.82     63776     20785     19165
1.65    0.99 0.97 0.17      1824      1824     10530
1.39    1.00 0.97 0.16      2334      2333     14237
1.18    1.00 0.84 0.24      6879      6694     21301