0.52    0.73 1.00 0.57    351243    209674    365906
0.05    0.85 0.00 0.00   2948606   2111979   3527561
0.58    0.86 0.61 0.89    184416    121421     71330
0.67    0.91 0.99 0.99     87162     78542     78087
0.11    0.93 0.96 0.17   1930542    450105   2484380
0.11    0.93 0.96 0.17   1930542    450105   2484380
0.41    0.94 0.90 0.48    528675    315588    548876
1.47    0.98 0.85 0.80     66830     20595     18975
0.43    0.98 0.38 0.10     51398     49012    180708
1.65    0.99 0.95 0.16      1822      1819     10566
1.39    1.00 0.97 0.16      2328      2327     14240
1.18    1.00 0.87 0.21      5938      5696     21845
