0.52    0.73 1.00 0.57    350141    209884    365740
0.05    0.86 0.00 0.00   2566422   1837998   3527659
0.67    0.91 0.98 0.99     87379     78768     77831
0.62    0.91 0.72 0.80    133102     91089     72255
0.41    0.94 0.91 0.44    439799    286101    553210
0.12    0.96 0.96 0.14   1475816    360643   2484767
0.12    0.96 0.96 0.14   1475816    360643   2484767
1.48    0.98 0.88 0.58     30430     14405     20378
0.43    0.99 0.40 0.07     31306     30548    182421
1.65    0.99 0.98 0.16      1739      1739     10597
1.39    1.00 0.98 0.16      2306      2305     14240
1.18    1.00 0.87 0.18      4944      4865     22577