0.52    0.73 1.00 0.57    350045    209788    365722
0.05    0.86 0.00 0.00   2566422   1837998   3527659
0.67    0.91 0.98 0.99     87801     79190     77409
0.63    0.93 0.73 0.83    140216     93503     68409
0.40    0.93 0.92 0.43    452426    278669    557755
0.12    0.96 0.96 0.14   1801252    361692   2483062
0.12    0.96 0.96 0.14   1801252    361692   2483062
1.48    0.98 0.90 0.61     30823     14832     20411
0.43    0.99 0.39 0.08     39323     38335    181659
1.65    0.99 0.98 0.16      1745      1745     10590
1.39    1.00 0.98 0.16      2307      2306     14241
1.18    1.00 0.89 0.19      5073      5001     22335