0.52    0.73 1.00 0.57    349823    209566    365941
0.05    0.86 0.00 0.00   2566422   1837998   3527659
0.61    0.90 0.72 0.78    127572     89564     75245
0.67    0.91 0.99 0.99     87123     78512     78087
0.41    0.94 0.91 0.44    426865    289513    550961
0.12    0.96 0.97 0.14   1186642    358532   2483161
0.12    0.96 0.97 0.14   1186642    358532   2483161
1.48    0.98 0.89 0.55     28120     13603     20517
0.43    0.99 0.43 0.06     25261     24455    183367
1.65    0.99 0.97 0.16      1737      1737     10611
1.17    1.00 0.90 0.17      4597      4515     22671
1.39    1.00 0.98 0.16      2304      2303     14242