0.52    0.73 1.00 0.57    349478    209221    366140
0.05    0.86 0.00 0.00   2566354   1837946   3527647
0.61    0.90 0.71 0.74    124078     86085     77412
0.67    0.91 0.99 0.99     86995     78384     78215
0.41    0.95 0.91 0.44    420758    289905    550594
0.12    0.96 0.97 0.14   1078570    356086   2484994
0.12    0.96 0.97 0.14   1078570    356086   2484994
1.48    0.98 0.89 0.53     26791     13111     20665
0.43    0.99 0.48 0.05     20294     19531    183593
1.17    1.00 0.92 0.16      4332      4279     22794
1.39    1.00 0.98 0.16      2261      2260     14242
1.66    1.00 0.98 0.16      1701      1701     10606