0.52    0.73 1.00 0.57    208439    208435    366003
0.05    0.89 0.00 0.00   1547693   1541920   3528293
0.63    0.94 0.91 0.56     51150     50663     79164
0.70    0.94 0.99 0.87     69202     69202     78295
0.43    0.99 0.92 0.18    131693    115132    570819
1.49    0.99 0.93 0.38      9159      9008     21436
1.65    0.99 0.98 0.15      1664      1664     10643
0.12    1.00 0.94 0.04    175056    116653   2483576
0.12    1.00 0.94 0.04    175056    116653   2483576
0.43    1.00 0.51 0.01      3886      3846    186157
1.39    1.00 0.98 0.16      2281      2280     14243
1.17    1.00 0.97 0.13      3182      3179     23578