0.52    0.73 1.00 0.57    351563    209994    365700
0.05    0.85 0.00 0.00   2948601   2111976   3527561
0.60    0.88 0.64 0.92    189513    118643     67914
0.67    0.91 0.98 0.99     87418     78798     77831
0.11    0.93 0.96 0.17   2289897    449927   2485817
0.11    0.93 0.96 0.17   2289897    449927   2485817
0.41    0.94 0.91 0.48    546476    312828    550857
1.47    0.98 0.85 0.81     67511     20886     18918
0.42    0.98 0.34 0.12     66355     63943    179721
1.65    0.99 0.96 0.16      1821      1821     10551
1.39    1.00 0.97 0.16      2333      2332     14235
1.18    1.00 0.82 0.22      6618      6420     21604